"TRAPID","TREAT","REPLICATE","STATION","PLOT","XUTM83","YUTM83"
1,"T5",4,1,1,634218.34,4696179.79
2,"T5",4,2,1,634227.34,4696172.79
3,"T5",4,3,1,634236.34,4696161.79
4,"T5",4,4,1,634245.34,4696165.79
5,"T5",4,5,1,634254.34,4696187.79
6,"T1",3,1,2,634127.12,4696176.12
7,"T1",3,2,2,634142.12,4696162.12
8,"T1",3,3,2,634157.12,4696174.12
9,"T1",3,4,2,634172.12,4696206.12
10,"T1",3,5,2,634187.12,4696184.12
11,"T7",2,1,3,634030.88,4696174.41
12,"T7",2,2,3,634045.88,4696160.41
13,"T7",2,3,3,634060.88,4696172.41
14,"T7",2,4,3,634075.88,4696204.41
15,"T7",2,5,3,634090.88,4696182.41
16,"T6",1,1,4,633934.54,4696170.59
17,"T6",1,2,4,633949.54,4696156.59
18,"T6",1,3,4,633964.54,4696168.59
19,"T6",1,4,4,633979.54,4696200.59
20,"T6",1,5,4,633994.54,4696178.59
21,"T2",1,1,5,633931.90,4696282.59
22,"T2",1,2,5,633946.90,4696268.59
23,"T2",1,3,5,633961.90,4696280.59
24,"T2",1,4,5,633976.90,4696312.59
25,"T2",1,5,5,633991.90,4696290.59
26,"T6",2,1,6,634027.43,4696287.71
27,"T6",2,2,6,634042.43,4696273.71
28,"T6",2,3,6,634057.43,4696285.71
29,"T6",2,4,6,634072.43,4696317.71
30,"T6",2,5,6,634087.43,4696295.71
31,"T5",3,1,7,634117.08,4696288.89
32,"T5",3,2,7,634126.08,4696281.89
33,"T5",3,3,7,634135.08,4696270.89
34,"T5",3,4,7,634144.08,4696274.89
35,"T5",3,5,7,634153.08,4696296.89
36,"T7",4,1,8,634220.23,4696294.47
37,"T7",4,2,8,634235.23,4696280.47
38,"T7",4,3,8,634250.23,4696292.47
39,"T7",4,4,8,634265.23,4696324.47
40,"T7",4,5,8,634280.23,4696302.47
41,"T6",4,1,9,634216.97,4696407.90
42,"T6",4,2,9,634231.97,4696393.90
43,"T6",4,3,9,634246.97,4696405.90
44,"T6",4,4,9,634261.97,4696437.90
45,"T6",4,5,9,634276.97,4696415.90
46,"T3",3,1,10,634119.54,4696403.73
47,"T3",3,2,10,634134.54,4696389.73
48,"T3",3,3,10,634149.54,4696401.73
49,"T3",3,4,10,634164.54,4696433.73
50,"T3",3,5,10,634179.54,4696411.73
51,"T1",2,1,11,634023.85,4696400.93
52,"T1",2,2,11,634038.85,4696386.93
53,"T1",2,3,11,634053.85,4696398.93
54,"T1",2,4,11,634068.85,4696430.93
55,"T1",2,5,11,634083.85,4696408.93
56,"T4",1,1,12,633928.29,4696396.50
57,"T4",1,2,12,633943.29,4696382.50
58,"T4",1,3,12,633958.29,4696394.50
59,"T4",1,4,12,633973.29,4696426.50
60,"T4",1,5,12,633988.29,4696404.50
61,"T3",1,1,13,633924.80,4696509.79
62,"T3",1,2,13,633939.80,4696495.79
63,"T3",1,3,13,633954.80,4696507.79
64,"T3",1,4,13,633969.80,4696539.79
65,"T3",1,5,13,633984.80,4696517.79
66,"T5",2,1,14,634015.08,4696513.49
67,"T5",2,2,14,634024.08,4696506.49
68,"T5",2,3,14,634033.08,4696495.49
69,"T5",2,4,14,634042.08,4696499.49
70,"T5",2,5,14,634051.08,4696521.49
71,"T6",3,1,15,634115.68,4696517.13
72,"T6",3,2,15,634130.68,4696503.13
73,"T6",3,3,15,634145.68,4696515.13
74,"T6",3,4,15,634160.68,4696547.13
75,"T6",3,5,15,634175.68,4696525.13
76,"T4",4,1,16,634213.21,4696521.94
77,"T4",4,2,16,634228.21,4696507.94
78,"T4",4,3,16,634243.21,4696519.94
79,"T4",4,4,16,634258.21,4696551.94
80,"T4",4,5,16,634273.21,4696529.94
81,"T1",4,1,17,634210.09,4696635.19
82,"T1",4,2,17,634225.09,4696621.19
83,"T1",4,3,17,634240.09,4696633.19
84,"T1",4,4,17,634255.09,4696665.19
85,"T1",4,5,17,634270.09,4696643.19
86,"T7",3,1,18,634112.78,4696630.74
87,"T7",3,2,18,634127.78,4696616.74
88,"T7",3,3,18,634142.78,4696628.74
89,"T7",3,4,18,634157.78,4696660.74
90,"T7",3,5,18,634172.78,4696638.74
91,"T4",2,1,19,634016.51,4696627.85
92,"T4",2,2,19,634031.51,4696613.85
93,"T4",2,3,19,634046.51,4696625.85
94,"T4",2,4,19,634061.51,4696657.85
95,"T4",2,5,19,634076.51,4696635.85
96,"T5",1,1,20,633914.37,4696623.64
97,"T5",1,2,20,633923.37,4696616.64
98,"T5",1,3,20,633932.37,4696605.64
99,"T5",1,4,20,633941.37,4696609.64
100,"T5",1,5,20,633950.37,4696631.64
101,"T7",1,1,21,633916.47,4696738.36
102,"T7",1,2,21,633931.47,4696724.36
103,"T7",1,3,21,633946.47,4696736.36
104,"T7",1,4,21,633961.47,4696768.36
105,"T7",1,5,21,633976.47,4696746.36
106,"T3",2,1,22,634012.95,4696741.30
107,"T3",2,2,22,634027.95,4696727.30
108,"T3",2,3,22,634042.95,4696739.30
109,"T3",2,4,22,634057.95,4696771.30
110,"T3",2,5,22,634072.95,4696749.30
111,"T4",3,1,23,634109.99,4696743.88
112,"T4",3,2,23,634124.99,4696729.88
113,"T4",3,3,23,634139.99,4696741.88
114,"T4",3,4,23,634154.99,4696773.88
115,"T4",3,5,23,634169.99,4696751.88
116,"T2",4,1,24,634208.28,4696747.66
117,"T2",4,2,24,634223.28,4696733.66
118,"T2",4,3,24,634238.28,4696745.66
119,"T2",4,4,24,634253.28,4696777.66
120,"T2",4,5,24,634268.28,4696755.66
121,"T3",4,1,25,634203.33,4696861.06
122,"T3",4,2,25,634218.33,4696847.06
123,"T3",4,3,25,634233.33,4696859.06
124,"T3",4,4,25,634248.33,4696891.06
125,"T3",4,5,25,634263.33,4696869.06
126,"T2",3,1,26,634106.71,4696857.66
127,"T2",3,2,26,634121.71,4696843.66
128,"T2",3,3,26,634136.71,4696855.66
129,"T2",3,4,26,634151.71,4696887.66
130,"T2",3,5,26,634166.71,4696865.66
131,"T2",2,1,27,634010.02,4696854.91
132,"T2",2,2,27,634025.02,4696840.91
133,"T2",2,3,27,634040.02,4696852.91
134,"T2",2,4,27,634055.02,4696884.91
135,"T2",2,5,27,634070.02,4696862.91
136,"T1",1,1,28,633912.99,4696851.01
137,"T1",1,2,28,633927.99,4696837.01
138,"T1",1,3,28,633942.99,4696849.01
139,"T1",1,4,28,633957.99,4696881.01
140,"T1",1,5,28,633972.99,4696859.01
141,"T5",5,1,29,633903.41,4696964.37
142,"T5",5,2,29,633912.41,4696957.37
143,"T5",5,3,29,633921.41,4696946.37
144,"T5",5,4,29,633930.41,4696950.37
145,"T5",5,5,29,633939.41,4696972.37
146,"T1",5,1,30,634006.58,4696968.07
147,"T1",5,2,30,634021.58,4696954.07
148,"T1",5,3,30,634036.58,4696966.07
149,"T1",5,4,30,634051.58,4696998.07
150,"T1",5,5,30,634066.58,4696976.07
151,"T7",5,1,31,634102.61,4696970.84
152,"T7",5,2,31,634117.61,4696956.84
153,"T7",5,3,31,634132.61,4696968.84
154,"T7",5,4,31,634147.61,4697000.84
155,"T7",5,5,31,634162.61,4696978.84
156,"T4",5,1,32,634200.39,4696974.26
157,"T4",5,2,32,634215.39,4696960.26
158,"T4",5,3,32,634230.39,4696972.26
159,"T4",5,4,32,634245.39,4697004.26
160,"T4",5,5,32,634260.39,4696982.26
161,"T3",5,1,33,634196.82,4697087.99
162,"T3",5,2,33,634211.82,4697073.99
163,"T3",5,3,33,634226.82,4697085.99
164,"T3",5,4,33,634241.82,4697117.99
165,"T3",5,5,33,634256.82,4697095.99
166,"T2",5,1,34,634099.50,4697084.46
167,"T2",5,2,34,634114.50,4697070.46
168,"T2",5,3,34,634129.50,4697082.46
169,"T2",5,4,34,634144.50,4697114.46
170,"T2",5,5,34,634159.50,4697092.46
171,"T6",5,1,35,634002.90,4697082.40
172,"T6",5,2,35,634017.90,4697068.40
173,"T6",5,3,35,634032.90,4697080.40
174,"T6",5,4,35,634047.90,4697112.40
175,"T6",5,5,35,634062.90,4697090.40
176,"T1",6,1,36,633632.13,4696282.32
177,"T1",6,2,36,633647.13,4696268.32
178,"T1",6,3,36,633662.13,4696280.32
179,"T1",6,4,36,633677.13,4696312.32
180,"T1",6,5,36,633692.13,4696290.32
181,"T3",6,1,37,633536.54,4696278.11
182,"T3",6,2,37,633551.54,4696264.11
183,"T3",6,3,37,633566.54,4696276.11
184,"T3",6,4,37,633581.54,4696308.11
185,"T3",6,5,37,633596.54,4696286.11
186,"T7",6,1,38,633532.81,4696392.48
187,"T7",6,2,38,633547.81,4696378.48
188,"T7",6,3,38,633562.81,4696390.48
189,"T7",6,4,38,633577.81,4696422.48
190,"T7",6,5,38,633592.81,4696400.48
191,"T4",6,1,39,633629.13,4696395.02
192,"T4",6,2,39,633644.13,4696381.02
193,"T4",6,3,39,633659.13,4696393.02
194,"T4",6,4,39,633674.13,4696425.02
195,"T4",6,5,39,633689.13,4696403.02
196,"T2",6,1,40,633721.00,4696512.52
197,"T2",6,2,40,633736.00,4696498.52
198,"T2",6,3,40,633751.00,4696510.52
199,"T2",6,4,40,633766.00,4696542.52
200,"T2",6,5,40,633781.00,4696520.52
201,"T6",6,1,41,633624.39,4696510.12
202,"T6",6,2,41,633639.39,4696496.12
203,"T6",6,3,41,633654.39,4696508.12
204,"T6",6,4,41,633669.39,4696540.12
205,"T6",6,5,41,633684.39,4696518.12
206,"T5",6,1,42,633523.98,4696505.08
207,"T5",6,2,42,633532.98,4696498.08
208,"T5",6,3,42,633541.98,4696487.08
209,"T5",6,4,42,633550.98,4696491.08
210,"T5",6,5,42,633559.98,4696513.08
